45
AC001
加航
波音767
成田国际机场
日本
东京
140.393 35.7647
多伦多皮尔逊国际机场
加拿大
多伦多
-79.6248 43.6777
TokyoToToronto
16:45:00 17:45:00
3 4
6 7
40 8
14500 9300 4800
5
14500 9200 4750
12 42 320
2024-11-20
14500 9200 4750
12 42 320
2024-11-21
14500 9100 4700
12 42 320
2024-11-22
14500 9000 4650
12 42 320
2024-11-23
14500 9000 4650
12 42 320
2024-11-24

AF183
法航
空客A340
香港国际机场
中国
香港
113.918 22.308
巴黎戴高乐机场
法国
巴黎
2.55 49.0097
HongKongToParis
23:10:00 07:25:00
4 4
7 8
50 9
15000 9600 5200
5
15000 9500 5150
16 56 450
2024-11-20
15000 9500 5150
16 56 450
2024-11-21
15000 9500 5150
16 56 450
2024-11-22
15000 9400 5100
16 56 450
2024-11-23
15000 9400 5100
16 56 450
2024-11-24

CA101
国航
空客A380
首都国际机场
中国
北京
116.594 40.0792
伦敦希思罗机场
英国
伦敦
-0.4619 51.4706
BeijingToLondon
13:00:00 05:30:00
5 4
8 6
60 10
14200 9800 5600
5
14200 9800 5600
20 48 600
2024-11-20
14200 9800 5600
20 48 600
2024-11-21
14200 9800 5600
20 48 600
2024-11-22
14200 9700 5550
20 48 600
2024-11-23
14200 9700 5550
20 48 600
2024-11-24

CA1283
国航
空客A321neo
浦东国际机场
中国
上海
121.805 31.151
首都国际机场
中国
北京
116.594 40.0792
ShanghaiToBeijing
13:00:00 02:10:00
2 4
5 6
35 8
9200 6200 4500
5
9200 6200 4500
8 30 280
2024-11-20
9200 6200 4500
8 30 280
2024-11-21
9200 6100 4400
8 30 280
2024-11-22
9200 6100 4400
8 30 280
2024-11-23
9200 6100 4400
8 30 280
2024-11-24

CA1307
国航
波音737-800
首都国际机场
中国
北京
116.594 40.0792
天河国际机场
中国
武汉
114.208 30.783
BeijingToWuhan
08:20:00 01:45:00
2 4
4 6
30 6
8900 6000 4500
5
8900 6000 4500
8 24 180
2024-11-20
8900 6000 4500
8 24 180
2024-11-21
8900 5900 4400
8 24 180
2024-11-22
8900 5900 4400
8 24 180
2024-11-23
8900 5900 4400
8 24 180
2024-11-24

CA1801
国航
波音777
首都国际机场
中国
北京
116.594 40.0792
洛杉矶国际机场
美国
洛杉矶
-118.409 33.9416
BeijingToLosAngeles
12:30:00 19:30:00
4 4
6 8
50 10
12500 9000 4500
5
12500 9000 4500
16 48 500
2024-11-20
12500 9000 4500
16 48 500
2024-11-21
12500 9000 4500
16 48 500
2024-11-22
12500 8900 4450
16 48 500
2024-11-23
12500 8900 4450
16 48 500
2024-11-24

CA2083
国航
空客A320ceo
新桥国际机场
中国
合肥
117.348 31.989
首都国际机场
中国
北京
116.594 40.0792
HefeiToBeijingDirect
11:25:00 01:50:00
2 4
4 6
30 6
9200 6200 4700
5
9200 6200 4700
8 24 180
2024-11-20
9200 6200 4700
8 24 180
2024-11-21
9200 6100 4600
8 24 180
2024-11-22
9200 6100 4600
8 24 180
2024-11-23
9200 6100 4600
8 24 180
2024-11-24

CA2090
国航
空客A321neo
新桥国际机场
中国
合肥
117.348 31.989
首都国际机场
中国
北京
116.594 40.0792
HefeiToBeijingDirect
10:45:00 01:50:00
2 4
4 6
30 6
9200 6200 4700
5
9200 6200 4700
8 24 180
2024-11-20
9200 6200 4700
8 24 180
2024-11-21
9200 6200 4700
8 24 180
2024-11-22
9200 6200 4700
8 24 180
2024-11-23
9200 6200 4700
8 24 180
2024-11-24

CA5129
国航
空客A320neo
咸阳国际机场
中国
西安
108.75 34.438
首都国际机场
中国
北京
116.594 40.0792
XiAnToBeijing
12:45:00 01:45:00
2 4
4 6
30 6
8500 5900 4300
5
8500 5900 4300
8 24 180
2024-11-20
8500 5900 4300
8 24 180
2024-11-21
8500 5900 4300
8 24 180
2024-11-22
8500 5800 4200
8 24 180
2024-11-23
8500 5800 4200
8 24 180
2024-11-24

CA5193
国航
波音737-800
咸阳国际机场
中国
西安
108.75 34.438
首都国际机场
中国
北京
116.594 40.0792
XiAnToBeijing
10:10:00 01:50:00
2 4
4 6
30 6
9200 6200 4700
5
9200 6200 4700
8 24 180
2024-11-20
9200 6200 4700
8 24 180
2024-11-21
9200 6200 4700
8 24 180
2024-11-22
9200 6200 4700
8 24 180
2024-11-23
9200 6200 4700
8 24 180
2024-11-24

CA5322
国航
空客A320neo
白云国际机场
中国
广州
113.298 23.392
首都国际机场
中国
北京
116.594 40.0792
GuangzhouToBeijing
11:30:00 02:25:00
2 4
4 6
30 6
9200 6500 4700
5
9200 6500 4700
8 24 180
2024-11-20
9200 6500 4700
8 24 180
2024-11-21
9200 6400 4600
8 24 180
2024-11-22
9200 6400 4600
8 24 180
2024-11-23
9200 6400 4600
8 24 180
2024-11-24

CA9856
国航
空客A321neo
新桥国际机场
中国
合肥
117.348 31.989
首都国际机场
中国
北京
116.594 40.0792
HefeiToBeijingDirect
07:30:00 01:45:00
2 4
5 6
35 8
8700 5700 4300
5
8700 5700 4300
8 30 280
2024-11-20
8700 5700 4300
8 30 279
2024-11-21
8700 5600 4200
8 30 280
2024-11-22
8700 5600 4200
8 30 280
2024-11-23
8700 5600 4200
8 30 280
2024-11-24

CA987
国航
波音777
浦东国际机场
中国
上海
121.805 31.151
洛杉矶国际机场
美国
洛杉矶
-118.409 33.9416
ShanghaiToLosAngeles
15:30:00 19:30:00
4 4
6 8
50 10
12500 9200 5000
5
12500 9100 4900
16 48 500
2024-11-20
12500 9100 4900
16 48 500
2024-11-21
12500 9100 4900
16 48 500
2024-11-22
12500 9000 4850
16 48 500
2024-11-23
12500 9000 4850
16 48 500
2024-11-24

CX252
国泰
波音747
香港国际机场
中国
香港
113.918 22.308
伦敦希思罗机场
英国
伦敦
-0.4619 51.4706
HongKongToLondon
23:45:00 07:10:00
4 4
6 8
50 9
15000 9500 5100
5
15000 9400 5050
16 48 450
2024-11-20
15000 9400 5050
16 48 450
2024-11-21
15000 9400 5050
16 48 450
2024-11-22
15000 9300 5000
16 48 450
2024-11-23
15000 9300 5000
16 48 450
2024-11-24

CZ3001
南航
波音737
首都国际机场
中国
北京
116.594 40.0792
浦东国际机场
中国
上海
121.805 31.151
BeijingToShanghai
09:00:00 02:10:00
2 4
2 4
30 6
9500 6500 4000
5
9500 4800 2500
8 8 180
2024-11-20
9500 4800 2500
8 8 180
2024-11-21
9500 4800 2500
8 8 180
2024-11-22
9500 4700 2450
8 8 180
2024-11-23
9500 4700 2450
8 8 180
2024-11-24

CZ3178
南航
波音737-700
天河国际机场
中国
武汉
114.208 30.783
白云国际机场
中国
广州
113.298 23.392
WuhanToGuangzhou
09:35:00 01:50:00
2 4
3 6
28 6
8200 5600 4200
5
8200 5600 4200
8 18 168
2024-11-20
8200 5600 4200
8 18 168
2024-11-21
8200 5600 4200
8 18 168
2024-11-22
8200 5500 4150
8 18 168
2024-11-23
8200 5500 4150
8 18 168
2024-11-24

CZ3308
南航
空客A320
新桥国际机场
中国
合肥
117.348 31.989
浦东国际机场
中国
上海
121.805 31.151
HefeiToShanghai
06:40:00 01:20:00
2 4
4 6
30 6
9200 6100 4700
5
9200 6100 4700
8 24 180
2024-11-20
9200 6100 4700
8 24 180
2024-11-21
9200 6100 4700
8 24 180
2024-11-22
9200 6100 4700
8 24 180
2024-11-23
9200 6100 4700
8 24 180
2024-11-24

CZ3405
南航
空客A330
白云国际机场
中国
广州
113.298 23.392
纽约肯尼迪国际机场
美国
纽约
-73.7781 40.6413
GuangzhouToNewYork
14:00:00 05:30:00
2 4
4 6
40 8
13500 9200 5000
5
13500 9100 4900
8 24 320
2024-11-20
13500 9100 4900
8 24 320
2024-11-21
13500 9000 4800
8 24 320
2024-11-22
13500 8900 4700
8 24 320
2024-11-23
13500 8900 4700
8 24 320
2024-11-24

CZ3805
南航
空客A320neo
咸阳国际机场
中国
西安
108.75 34.438
白云国际机场
中国
广州
113.298 23.392
XiAnToGuangzhou
15:10:00 02:35:00
2 4
4 6
30 6
9100 6300 4700
5
9100 6300 4700
8 24 180
2024-11-20
9100 6300 4700
8 24 180
2024-11-21
9100 6300 4700
8 24 180
2024-11-22
9100 6200 4600
8 24 180
2024-11-23
9100 6200 4600
8 24 180
2024-11-24

CZ5601
南航
空客A321
白云国际机场
中国
广州
113.298 23.392
双流国际机场
中国
成都
103.947 30.578
GuangzhouToChengdu
13:20:00 02:25:00
2 4
4 6
35 8
9200 6400 4500
5
9200 6400 4500
8 24 280
2024-11-20
9200 6400 4500
8 24 280
2024-11-21
9200 6400 4500
8 24 280
2024-11-22
9200 6300 4450
8 24 280
2024-11-23
9200 6300 4450
8 24 280
2024-11-24

CZ601
南航
波音787
首都国际机场
中国
北京
116.594 40.0792
仁川国际机场
韩国
首尔
126.451 37.4602
BeijingToSeoul
14:50:00 04:30:00
3 4
6 6
45 8
10200 7500 4600
5
10200 7400 4500
12 36 360
2024-11-20
10200 7400 4500
12 36 360
2024-11-21
10200 7400 4500
12 36 360
2024-11-22
10200 7300 4400
12 36 360
2024-11-23
10200 7300 4400
12 36 360
2024-11-24

CZ6184
南航
空客A320neo
新桥国际机场
中国
合肥
117.348 31.989
白云国际机场
中国
广州
113.298 23.392
HefeiToGuangzhou
08:15:00 01:50:00
2 4
4 6
30 6
8600 6000 4300
5
8600 6000 4300
8 24 180
2024-11-20
8600 6000 4300
8 24 180
2024-11-21
8600 6000 4300
8 24 180
2024-11-22
8600 5900 4200
8 24 180
2024-11-23
8600 5900 4200
8 24 180
2024-11-24

CZ7433
南航
空客A319
禄口国际机场
中国
南京
118.862 31.742
黄花国际机场
中国
长沙
113.221 28.189
NanjingToChangsha
17:05:00 01:50:00
1 4
3 6
25 6
8600 6200 4500
5
8600 6200 4500
4 18 150
2024-11-20
8600 6200 4500
4 18 150
2024-11-21
8600 6100 4400
4 18 150
2024-11-22
8600 6100 4400
4 18 150
2024-11-23
8600 6100 4400
4 18 150
2024-11-24

EK005
阿联酋航空
波音787-10
迪拜国际机场
阿联酋
迪拜
55.3657 25.2532
伦敦希思罗机场
英国
伦敦
-0.4619 51.4706
DubaiToLondon
09:15:00 05:25:00
4 4
6 8
50 10
15500 9700 5400
5
15500 9600 5300
16 48 500
2024-11-20
15500 9600 5300
16 48 500
2024-11-21
15500 9500 5200
16 48 500
2024-11-22
15500 9400 5100
16 48 500
2024-11-23
15500 9400 5100
16 48 500
2024-11-24

HU7156
海南航空
空客A320neo
双流国际机场
中国
成都
103.947 30.578
萧山国际机场
中国
杭州
120.435 30.229
ChengduToHangzhou
11:45:00 01:50:00
2 4
4 6
30 6
8600 5700 4300
5
8600 5700 4300
8 24 180
2024-11-20
8600 5700 4300
8 24 180
2024-11-21
8600 5700 4300
8 24 180
2024-11-22
8600 5600 4200
8 24 180
2024-11-23
8600 5600 4200
8 24 180
2024-11-24

HU7290
海南航空
空客A320
咸阳国际机场
中国
西安
108.75 34.438
太平国际机场
中国
哈尔滨
126.249 45.622
XiAnToHarbin
16:30:00 03:25:00
2 4
4 6
30 6
9400 6500 4700
5
9400 6500 4700
8 24 180
2024-11-20
9400 6500 4700
8 24 180
2024-11-21
9400 6400 4600
8 24 180
2024-11-22
9400 6400 4600
8 24 180
2024-11-23
9400 6400 4600
8 24 180
2024-11-24

HU9782
海南航空
波音737-MAX8
新桥国际机场
中国
合肥
117.348 31.989
大兴国际机场
中国
北京
116.412 39.509
HefeiToBeijingIndirect
16:00:00 01:55:00
2 4
4 6
30 6
9500 6500 4800
5
9500 6500 4800
8 24 180
2024-11-20
9500 6500 4800
8 24 180
2024-11-21
9500 6400 4700
8 24 180
2024-11-22
9500 6400 4700
8 24 180
2024-11-23
9500 6400 4700
8 24 180
2024-11-24

JL005
日航
空客A330neo
纽约肯尼迪国际机场
美国
纽约
-73.7781 40.6413
成田国际机场
日本
东京
140.393 35.7647
NewYorkToTokyo
18:30:00 19:45:00
3 4
6 7
45 9
16200 10100 5600
5
16200 10000 5550
12 42 405
2024-11-20
16200 10000 5550
12 42 405
2024-11-21
16200 9900 5500
12 42 405
2024-11-22
16200 9800 5400
12 42 405
2024-11-23
16200 9800 5400
12 42 405
2024-11-24

MF8108
厦航
空客A350
厦门高崎国际机场
中国
厦门
118.123 24.545
香港国际机场
中国
香港
113.918 22.308
XiamenToHongKong
18:20:00 01:10:00
2 4
5 6
50 9
8700 6000 4100
5
8700 6000 4100
8 30 450
2024-11-20
8700 5900 4000
8 30 450
2024-11-21
8700 5900 4000
8 30 450
2024-11-22
8700 5800 3950
8 30 450
2024-11-23
8700 5800 3950
8 30 450
2024-11-24

MU1234
东航
波音737MAX8
浦东国际机场
中国
上海
121.805 31.151
首都国际机场
中国
北京
116.594 40.0792
ShanghaiToBeijing
09:00:00 02:15:00
2 4
3 6
30 6
8500 5500 4000
5
8500 5500 4000
8 18 180
2024-11-20
8500 5500 4000
8 18 180
2024-11-21
8500 5500 4000
8 18 180
2024-11-22
8500 5400 3950
8 18 180
2024-11-23
8500 5400 3950
8 18 180
2024-11-24

MU1274
东航
空客A321neo
新桥国际机场
中国
合肥
117.348 31.989
浦东国际机场
中国
上海
121.805 31.151
HefeiToShanghai
10:20:00 01:25:00
2 4
5 6
35 8
8500 5600 4000
5
8500 5600 4000
8 30 280
2024-11-20
8500 5600 4000
8 30 280
2024-11-21
8500 5600 4000
8 30 280
2024-11-22
8500 5500 3950
8 30 280
2024-11-23
8500 5500 3950
8 30 280
2024-11-24

MU2201
东航
波音787
浦东国际机场
中国
上海
121.805 31.151
巴黎戴高乐机场
法国
巴黎
2.55 49.0097
ShanghaiToParis
13:15:00 05:30:00
3 4
6 6
45 8
14000 9500 5200
5
14000 9400 5100
12 36 360
2024-11-20
14000 9400 5100
12 36 360
2024-11-21
14000 9300 5000
12 36 360
2024-11-22
14000 9200 4950
12 36 360
2024-11-23
14000 9200 4950
12 36 360
2024-11-24

MU2865
东航
波音737MAX9
萧山国际机场
中国
杭州
120.435 30.229
桃仙国际机场
中国
沈阳
123.432 41.782
HangzhouToShenyang
12:25:00 02:30:00
2 4
4 6
34 6
9100 6400 4700
5
9100 6400 4700
8 24 204
2024-11-20
9100 6400 4700
8 24 204
2024-11-21
9100 6300 4600
8 24 204
2024-11-22
9100 6300 4600
8 24 204
2024-11-23
9100 6300 4600
8 24 204
2024-11-24

MU5124
东航
空客A320neo
新桥国际机场
中国
合肥
117.348 31.989
咸阳国际机场
中国
西安
108.75 34.438
HefeiToXiAn
09:30:00 01:45:00
2 4
4 6
30 6
8200 5700 4200
5
8200 5700 4200
8 24 180
2024-11-20
8200 5700 4200
8 24 180
2024-11-21
8200 5700 4200
8 24 180
2024-11-22
8200 5600 4100
8 24 180
2024-11-23
8200 5600 4100
8 24 180
2024-11-24

MU5602
东航
空客A321
白云国际机场
中国
广州
113.298 23.392
虹桥国际机场
中国
上海
121.334 31.1977
GuangzhouToShanghai
10:00:00 02:30:00
2 4
4 6
35 8
8800 6300 4200
5
8800 6300 4200
8 24 280
2024-11-20
8800 6300 4200
8 24 280
2024-11-21
8800 6300 4200
8 24 280
2024-11-22
8800 6200 4150
8 24 280
2024-11-23
8800 6200 4150
8 24 280
2024-11-24

MU5702
东航
空客A320
浦东国际机场
中国
上海
121.805 31.151
双流国际机场
中国
成都
103.947 30.578
ShanghaiToChengdu
14:10:00 03:05:00
2 4
4 6
30 6
8900 6000 4400
5
8900 6000 4400
8 24 180
2024-11-20
8900 6000 4400
8 24 180
2024-11-21
8900 5900 4300
8 24 180
2024-11-22
8900 5900 4300
8 24 180
2024-11-23
8900 5900 4300
8 24 180
2024-11-24

MU6028
东航
空客A320neo
新桥国际机场
中国
合肥
117.348 31.989
咸阳国际机场
中国
西安
108.75 34.438
HefeiToXiAn
07:30:00 01:40:00
2 4
4 6
30 6
9200 6100 4700
5
9200 6100 4700
8 24 180
2024-11-20
9200 6100 4700
8 24 180
2024-11-21
9200 6100 4700
8 24 180
2024-11-22
9200 6100 4700
8 24 180
2024-11-23
9200 6100 4700
8 24 180
2024-11-24

MU8201
东航
波音737
浦东国际机场
中国
上海
121.805 31.151
滨海国际机场
中国
天津
117.346 39.123
ShanghaiToTianjin
09:10:00 01:20:00
2 4
3 6
30 6
9200 6100 4700
5
9200 6100 4700
8 18 180
2024-11-20
9200 6100 4700
8 18 180
2024-11-21
9200 6100 4700
8 18 180
2024-11-22
9200 6100 4700
8 18 180
2024-11-23
9200 6100 4700
8 18 180
2024-11-24

QF128
澳航
空客A380
悉尼金斯福德史密斯机场
澳大利亚
悉尼
151.177 -33.9461
成田国际机场
日本
东京
140.393 35.7647
SydneyToTokyo
09:00:00 10:30:00
5 4
8 6
60 10
13800 9200 4900
5
13800 9100 4850
20 48 600
2024-11-20
13800 9100 4850
20 48 600
2024-11-21
13800 9100 4850
20 48 600
2024-11-22
13800 9000 4800
20 48 600
2024-11-23
13800 9000 4800
20 48 600
2024-11-24

QF81
澳航
波音767
悉尼金斯福德史密斯机场
澳大利亚
悉尼
151.177 -33.9461
首都国际机场
中国
北京
116.594 40.0792
SydneyToBeijing
13:30:00 09:20:00
3 4
6 7
40 8
14000 9200 4600
5
14000 9100 4550
12 42 320
2024-11-20
14000 9100 4550
12 42 320
2024-11-21
14000 9100 4550
12 42 320
2024-11-22
14000 9000 4500
12 42 320
2024-11-23
14000 9000 4500
12 42 320
2024-11-24

TG476
泰航
空客A330neo
悉尼金斯福德史密斯机场
澳大利亚
悉尼
151.177 -33.9461
曼谷素万那普国际机场
泰国
曼谷
100.75 13.6894
SydneyToBangkok
12:00:00 05:45:00
3 4
6 7
45 9
14200 9200 4800
5
14200 9100 4700
12 42 405
2024-11-20
14200 9100 4700
12 42 405
2024-11-21
14200 9000 4600
12 42 405
2024-11-22
14200 8900 4500
12 42 405
2024-11-23
14200 8900 4500
12 42 405
2024-11-24

UA890
美联航
波音787
成田国际机场
日本
东京
140.393 35.7647
旧金山国际机场
美国
旧金山
-122.389 37.6213
TokyoToSanFrancisco
16:00:00 17:45:00
3 4
6 6
45 8
13400 10000 5200
5
13400 9900 5150
12 36 360
2024-11-20
13400 9900 5150
12 36 360
2024-11-21
13400 9800 5100
12 36 360
2024-11-22
13400 9700 5050
12 36 360
2024-11-23
13400 9700 5050
12 36 360
2024-11-24

ZH2035
深航
空客A321
宝安国际机场
中国
深圳
113.818 22.639
咸阳国际机场
中国
西安
108.75 34.438
ShenzhenToXiAn
14:00:00 03:15:00
2 4
4 6
35 8
9000 6100 4300
5
9000 6100 4300
8 24 280
2024-11-20
9000 6100 4300
8 24 280
2024-11-21
9000 6100 4300
8 24 280
2024-11-22
9000 6000 4250
8 24 280
2024-11-23
9000 6000 4250
8 24 280
2024-11-24

ZH9812
深航
空客A319
宝安国际机场
中国
深圳
113.818 22.639
江北国际机场
中国
重庆
106.641 29.719
ShenzhenToChongqing
07:30:00 02:15:00
1 4
3 6
25 6
8300 5800 4300
5
8300 5800 4300
4 18 150
2024-11-20
8300 5800 4300
4 18 150
2024-11-21
8300 5700 4200
4 18 150
2024-11-22
8300 5700 4200
4 18 150
2024-11-23
8300 5700 4200
4 18 150
2024-11-24

ZH9815
深航
空客A320neo
新桥国际机场
中国
合肥
117.348 31.989
首都国际机场
中国
北京
116.594 40.0792
HefeiToBeijingDirect
18:20:00 01:50:00
2 4
4 6
30 6
9000 6200 4500
5
9000 6200 4500
8 24 180
2024-11-20
9000 6200 4500
8 24 180
2024-11-21
9000 6100 4400
8 24 180
2024-11-22
9000 6100 4400
8 24 180
2024-11-23
9000 6100 4400
8 24 180
2024-11-24

