39
BeijingToShanghai
首都国际机场
浦东国际机场
1087.5
4
40.0792 116.594
35.654 118.432
31.562 121.151
31.151 121.805

GuangzhouToShanghai
白云国际机场
虹桥国际机场
1210.3
4
23.392 113.298
25.123 115.345
28.432 118.765
31.1977 121.334

ShanghaiToLosAngeles
浦东国际机场
洛杉矶国际机场
10475.0
6
31.151 121.805
28.764 130.123
34.123 -175.321
38.876 -160.456
36.789 -145.234
33.9416 -118.4085

BeijingToSeoul
首都国际机场
仁川国际机场
904.5
3
40.0792 116.594
39.325 122.876
37.4602 126.4506

XiamenToHongKong
厦门高崎国际机场
香港国际机场
457.8
3
24.545 118.123
22.765 116.876
22.308 113.9185

TokyoToSanFrancisco
成田国际机场
旧金山国际机场
8256.9
5
35.7647 140.3929
37.098 165.123
38.432 -170.987
37.765 -150.345
37.6213 -122.389

BeijingToLosAngeles
首都国际机场
洛杉矶国际机场
10000.0
3
40.0792 116.594
34.123 -175.321
33.9416 -118.4085

GuangzhouToNewYork
白云国际机场
纽约肯尼迪国际机场
12000.0
4
23.392 113.298
20.123 -170.789
40.112 -75.321
40.6413 -73.7781

ShanghaiToParis
浦东国际机场
巴黎戴高乐机场
9600.0
4
31.151 121.805
32.876 95.432
45.654 7.345
49.0097 2.55

TokyoToSydney
成田国际机场
悉尼金斯福德史密斯机场
7800.0
5
35.7647 140.3929
-12.4634 130.8456
-19.9237 133.7633
-28.0107 149.2154
-33.9461 151.1772

ParisToNewYork
巴黎戴高乐机场
纽约肯尼迪国际机场
5836.0
4
49.0097 2.55
47.6097 -10.55
41.5497 -70.255
40.6413 -73.7781

HongKongToLondon
香港国际机场
伦敦希思罗机场
9645.0
4
22.308 113.9185
45.308 55.9185
52.308 15.9185
51.4706 -0.4619

BeijingToSydney
首都国际机场
悉尼金斯福德史密斯机场
8950.0
5
40.0792 116.594
10.5000 123.6500
-8.4095 126.8956
-20.5073 143.9156
-33.9461 151.1772

HongKongToParis
香港国际机场
巴黎戴高乐机场
9700.0
4
22.308 113.9185
32.3456 80.2456
45.2356 10.2458
49.0097 2.55

TokyoToToronto
成田国际机场
多伦多皮尔逊国际机场
10350.0
5
35.7647 140.3929
42.7548 120.7643
54.3525 -90.2123
45.4234 -75.6972
43.6777 -79.6248

LondonToDubai
伦敦希思罗机场
迪拜国际机场
5476.0
3
51.4706 -0.4619
37.7749 30.2389
25.2532 55.3657

NewYorkToTokyo
纽约肯尼迪国际机场
成田国际机场
10842.0
5
40.6413 -73.7781
50.1234 -130.5678
60.9876 -160.4567
47.9875 175.1234
35.7647 140.3929

SydneyToBangkok
悉尼金斯福德史密斯机场
曼谷素万那普国际机场
7505.0
4
-33.9461 151.1772
-10.8798 130.8917
5.1234 100.8765
13.6894 100.7501

ShanghaiToBeijing
浦东国际机场
首都国际机场
1087.5
3
31.151 121.805
35.874 119.356
40.0792 116.594

GuangzhouToChengdu
白云国际机场
双流国际机场
1405.0
3
23.392 113.298
28.432 107.546
30.578 103.947

ShenzhenToXiAn
宝安国际机场
咸阳国际机场
1600.5
4
22.639 113.818
27.321 111.234
32.321 110.987
34.438 108.750

ChengduToHangzhou
双流国际机场
萧山国际机场
1535.0
3
30.578 103.947
28.432 107.546
30.229 120.435

BeijingToWuhan
首都国际机场
天河国际机场
1150.0
3
40.0792 116.594
35.987 114.356
30.783 114.208

XiAnToGuangzhou
咸阳国际机场
白云国际机场
1630.4
4
34.438 108.750
31.679 110.876
28.985 113.456
23.392 113.298

ShenzhenToChongqing
宝安国际机场
江北国际机场
1290.0
3
22.639 113.818
27.482 110.234
29.719 106.641

HangzhouToShenyang
萧山国际机场
桃仙国际机场
1520.0
3
30.229 120.435
34.879 122.876
41.782 123.432

NanjingToChangsha
禄口国际机场
黄花国际机场
900.0
3
31.742 118.862
29.982 114.123
28.189 113.221

ShanghaiToChengdu
浦东国际机场
双流国际机场
1700.0
4
31.151 121.805
30.879 117.562
28.456 110.234
30.578 103.947

WuhanToGuangzhou
天河国际机场
白云国际机场
980.0
3
30.783 114.208
28.432 112.675
23.392 113.298

XiAnToHarbin
咸阳国际机场
太平国际机场
2110.0
4
34.438 108.750
39.107 119.545
43.456 126.123
45.622 126.249

HefeiToBeijingDirect
新桥国际机场
首都国际机场
1070.0
2
31.989 117.348
40.0792 116.594

HefeiToShanghai
新桥国际机场
浦东国际机场
470.0
2
31.989 117.348
31.151 121.805

HefeiToXiAn
新桥国际机场
咸阳国际机场
860.0
3
31.989 117.348
33.456 110.123
34.438 108.750

XiAnToBeijing
咸阳国际机场
首都国际机场
950.0
3
34.438 108.750
36.879 115.432
40.0792 116.594

HefeiToGuangzhou
新桥国际机场
白云国际机场
1110.0
3
31.989 117.348
28.745 113.897
23.392 113.298

GuangzhouToBeijing
白云国际机场
首都国际机场
1880.0
3
23.392 113.298
30.123 116.432
40.0792 116.594

HefeiToBeijingIndirect
新桥国际机场
大兴国际机场
1080.0
3
31.989 117.348
35.564 116.324
39.509 116.412

HefeiToTianjin
新桥国际机场
滨海国际机场
850.0
3
31.989 117.348
34.221 118.561
39.123 117.346

TianjinToBeijing
滨海国际机场
首都国际机场
150.0
2
39.123 117.346
40.0792 116.594
